[[0.         1.38629436 4.08389863 0.         0.         1.38629436
  0.         0.         1.38629436 0.         1.38629436 0.
  0.         0.         2.34720039 0.         1.38629436 2.34720039
  1.38629436 1.38629436 1.38629436 0.         1.38629436 0.
  0.         1.38629436 0.         0.         0.         0.
  2.34720039 1.38629436 0.         0.         1.38629436 0.
  0.         1.38629436 1.38629436 1.38629436 0.         1.38629436
  3.61744906 1.38629436 0.         1.38629436 1.38629436 0.
  1.38629436 1.38629436 0.         1.38629436 0.         1.38629436
  1.38629436 1.38629436 2.90929438 1.38629436 1.38629436 0.
  1.38629436 1.38629436 1.38629436 1.38629436 0.         3.87020041
  1.38629436 0.         1.38629436 1.38629436 0.         1.38629436
  2.90929438 0.         0.         1.38629436 0.         0.
  3.87020041 0.         2.34720039 1.38629436 2.34720039 0.
  0.         0.         0.         1.38629436 0.         0.
  0.         1.38629436 1.38629436 1.38629436 1.38629436 1.38629436
  1.38629436 0.         0.         1.38629436 0.         0.
  0.         0.         0.         1.38629436 1.38629436 1.38629436
  0.         0.         1.38629436 1.38629436 1.38629436 0.
  1.38629436 0.         1.38629436 1.38629436 1.38629436 0.
  1.38629436 1.38629436 0.         1.38629436 0.         2.34720039
  2.34720039 0.         1.38629436 0.         1.38629436 1.38629436
  2.34720039 1.38629436 1.38629436 1.38629436 0.         0.
  0.         0.         0.         3.61744906 0.         0.
  1.38629436 1.38629436 0.         1.38629436 0.         0.
  0.         1.38629436 0.         0.         2.34720039 1.38629436
  1.38629436 0.         1.38629436]
 [0.         0.         0.         1.38629436 0.         0.
  0.         1.38629436 0.         1.38629436 0.         1.38629436
  0.         1.38629436 0.         1.38629436 0.         2.34720039
  1.38629436 0.         2.34720039 1.38629436 0.         2.34720039
  1.38629436 0.         2.34720039 0.         0.         1.38629436
  1.38629436 0.         3.30810642 0.         0.         1.38629436
  0.         1.38629436 0.         1.38629436 1.38629436 0.
  0.         1.38629436 0.         1.38629436 0.         0.
  0.         1.38629436 0.         0.         0.         0.
  1.38629436 0.         3.61744906 0.         0.         1.38629436
  1.38629436 1.38629436 0.         0.         1.38629436 2.34720039
  0.         1.38629436 0.         0.         0.         0.
  0.         1.38629436 1.38629436 1.38629436 2.34720039 1.38629436
  3.30810642 2.34720039 0.         1.38629436 0.         0.
  1.38629436 1.38629436 1.38629436 1.38629436 1.38629436 1.38629436
  1.38629436 1.38629436 1.38629436 1.38629436 1.38629436 1.38629436
  0.         0.         1.38629436 0.         1.38629436 2.34720039
  1.38629436 1.38629436 0.         0.         0.         1.38629436
  0.         0.         0.         0.         0.         1.38629436
  0.         1.38629436 1.38629436 0.         0.         2.90929438
  0.         0.         1.38629436 0.         1.38629436 1.38629436
  0.         1.38629436 0.         0.         0.         0.
  3.30810642 1.38629436 1.38629436 1.38629436 1.38629436 1.38629436
  1.38629436 0.         1.38629436 0.         0.         0.
  1.38629436 0.         0.         0.         0.         1.38629436
  1.38629436 1.38629436 0.         1.38629436 1.38629436 2.34720039
  0.         1.38629436 0.        ]
 [0.28768207 0.         0.28768207 0.         0.         0.
  0.28768207 0.         0.         0.         0.         0.
  0.28768207 0.         0.         0.         0.         0.48708809
  0.         0.28768207 0.         0.         0.         0.
  0.         0.         0.         0.28768207 0.28768207 0.
  0.28768207 0.28768207 0.68649411 0.28768207 0.         0.
  0.60373313 0.28768207 0.28768207 0.28768207 0.         0.28768207
  0.28768207 0.28768207 0.28768207 0.28768207 0.         0.28768207
  0.60373313 0.28768207 0.28768207 0.28768207 0.48708809 0.
  0.28768207 0.         0.48708809 0.         0.28768207 0.
  0.         0.28768207 0.         0.         0.         0.68649411
  0.         0.         0.         0.         0.28768207 0.
  0.         0.         0.         0.         0.         0.
  0.48708809 0.         0.28768207 0.28768207 0.         0.48708809
  0.         0.28768207 0.28768207 0.         0.         0.
  0.         0.28768207 0.         0.28768207 0.28768207 0.28768207
  0.28768207 0.28768207 0.         0.         0.         0.
  0.         0.         0.60373313 0.         0.28768207 0.28768207
  0.48708809 0.28768207 0.         0.         0.         0.28768207
  0.         0.         0.28768207 0.         0.         0.
  0.         0.         0.         0.         0.         0.28768207
  0.28768207 0.         0.         0.28768207 0.28768207 0.28768207
  0.48708809 0.         0.28768207 0.28768207 0.         0.
  0.         0.28768207 0.28768207 0.         0.28768207 0.48708809
  0.         0.         0.28768207 0.         0.28768207 0.28768207
  0.         0.28768207 0.28768207 0.         0.         0.28768207
  0.         0.         0.28768207]
 [0.         0.         1.38629436 0.         1.38629436 0.
  0.         0.         0.         0.         0.         0.
  0.         0.         0.         0.         0.         0.
  0.         0.         0.         0.         0.         0.
  0.         0.         0.         0.         0.         0.
  0.         0.         0.         0.         0.         0.
  0.         0.         0.         0.         0.         0.
  0.         0.         0.         1.38629436 0.         0.
  0.         0.         0.         0.         0.         0.
  0.         0.         1.38629436 0.         0.         0.
  0.         0.         0.         0.         0.         0.
  0.         0.         0.         0.         0.         0.
  0.         0.         0.         0.         0.         0.
  0.         0.         0.         0.         0.         0.
  0.         0.         0.         0.         0.         0.
  0.         0.         0.         0.         0.         0.
  0.         0.         0.         0.         0.         0.
  0.         0.         0.         0.         0.         0.
  0.         0.         0.         0.         0.         0.
  0.         0.         0.         0.         0.         0.
  0.         0.         0.         0.         0.         0.
  0.         0.         0.         0.         0.         0.
  0.         0.         0.         0.         0.         0.
  0.         0.         0.         1.38629436 0.         0.
  0.         0.         0.         0.         0.         0.
  0.         0.         0.         0.         0.         0.
  0.         0.         0.        ]]